path = data/waymo/waymo_seq1776
dataloader = waymo
alpha_d = 10.0
alpha_r = 1
alpha_i = 1e1
alpha_rgb = 10.0
desired_resolution = 32768
num_steps = 768
upsample_steps = 64
num_rays = 2048 
num_rays_lidar = 2048 
bound = 1
scale = 0.008566477356086842
offset = [3476.0759494886106, 5640.026830757806, 975.4643621314387]