path = data/waymo/waymo_seq1172
dataloader = waymo
alpha_d = 10.0
alpha_r = 1
alpha_i = 1e1
alpha_rgb = 10.0
desired_resolution = 32768
num_steps = 768
upsample_steps = 64
num_rays = 2048 
num_rays_lidar = 2048 
bound = 1
scale = 0.007823814169701076
offset = [-4700.4834834545345, 11057.792817592563, -24.801874242612513]